15 0.087143 0.234748 0.148571 0.395225
15 0.235714 0.248011 0.145714 0.384615
15 0.383571 0.238727 0.147143 0.366048
15 0.089286 0.647215 0.141429 0.376658
15 0.242143 0.681698 0.147143 0.424403
15 0.382857 0.656499 0.125714 0.368700
15 0.516429 0.135279 0.101429 0.212202
15 0.606429 0.127321 0.087143 0.222812
15 0.698571 0.127321 0.082857 0.228117
15 0.522857 0.347480 0.088571 0.222812
15 0.607143 0.340849 0.085714 0.236074
15 0.698571 0.347480 0.082857 0.238727
15 0.517143 0.603448 0.100000 0.236074
15 0.609286 0.603448 0.084286 0.246684
15 0.696429 0.602122 0.084286 0.228117
15 0.515714 0.848806 0.102857 0.244032
15 0.606429 0.848806 0.081429 0.244032
15 0.694286 0.847480 0.088571 0.225464
15 0.867143 0.428382 0.234286 0.607427
