15 0.709286 0.460714 0.581429 0.684286
15 0.057857 0.755714 0.098571 0.148571
15 0.170000 0.764286 0.102857 0.142857
15 0.271429 0.766429 0.102857 0.130000
15 0.375000 0.758571 0.095714 0.134286
15 0.061429 0.902143 0.102857 0.135714
15 0.167143 0.904286 0.094286 0.134286
15 0.265000 0.902143 0.104286 0.132857
15 0.380714 0.895714 0.112857 0.137143
15 0.489286 0.903571 0.098571 0.141429
15 0.602857 0.900714 0.100000 0.135714
15 0.715000 0.901429 0.110000 0.125714
15 0.827143 0.899286 0.097143 0.141429
15 0.939286 0.903571 0.121429 0.144286
