15 0.221354 0.229351 0.101042 0.325959
15 0.322917 0.215339 0.089583 0.306785
15 0.417187 0.234513 0.088542 0.315634
15 0.511458 0.240413 0.085417 0.309735
15 0.179688 0.552360 0.111458 0.337758
15 0.269792 0.570059 0.091667 0.352507
15 0.361979 0.573746 0.096875 0.339233
15 0.459896 0.566372 0.092708 0.306785
15 0.565104 0.576696 0.103125 0.309735
15 0.875000 0.093658 0.187500 0.146018
15 0.883854 0.307522 0.169792 0.163717
15 0.885417 0.494838 0.168750 0.128319
15 0.875521 0.690265 0.144792 0.147493
15 0.879687 0.906342 0.163542 0.169617
15 0.675000 0.920354 0.137500 0.123894
15 0.475521 0.924041 0.148958 0.151917
15 0.187500 0.912979 0.250000 0.174041
