15 0.702143 0.460000 0.555714 0.685714
15 0.057857 0.764286 0.104286 0.131429
15 0.164286 0.766429 0.105714 0.130000
15 0.265714 0.764286 0.097143 0.140000
15 0.382857 0.761429 0.114286 0.140000
15 0.060714 0.903571 0.115714 0.130000
15 0.171429 0.905000 0.105714 0.135714
15 0.273571 0.902143 0.104286 0.132857
15 0.380000 0.900714 0.111429 0.135714
15 0.486429 0.900000 0.101429 0.137143
15 0.603571 0.898571 0.112857 0.134286
15 0.713571 0.900000 0.104286 0.140000
15 0.825714 0.898571 0.108571 0.140000
15 0.938571 0.895000 0.122857 0.127143
