15 0.097368 0.121429 0.117544 0.238095
15 0.273684 0.116667 0.207018 0.228571
15 0.428947 0.113095 0.096491 0.221429
15 0.639474 0.101190 0.135088 0.197619
15 0.531579 0.085714 0.056140 0.166667
15 0.851754 0.126190 0.159649 0.247619
15 0.733333 0.442857 0.200000 0.342857
15 0.579825 0.444048 0.110526 0.364286
15 0.872807 0.444048 0.085965 0.321429
15 0.376316 0.594048 0.212281 0.150000
15 0.373684 0.430952 0.203509 0.180952
15 0.114912 0.490476 0.145614 0.319048
15 0.250877 0.871429 0.445614 0.257143
15 0.880702 0.925000 0.189474 0.150000
15 0.871930 0.811905 0.175439 0.114286
