15 0.222917 0.235988 0.122917 0.274336
15 0.321354 0.231563 0.090625 0.327434
15 0.414583 0.241150 0.085417 0.323009
15 0.516146 0.230826 0.101042 0.317109
15 0.168229 0.561209 0.111458 0.334808
15 0.269792 0.559735 0.093750 0.334808
15 0.355729 0.570796 0.098958 0.345133
15 0.453646 0.572271 0.090625 0.333333
15 0.566667 0.569322 0.112500 0.321534
15 0.880729 0.096608 0.173958 0.163717
15 0.883854 0.293510 0.161458 0.176991
15 0.881250 0.495575 0.147917 0.141593
15 0.881771 0.682891 0.165625 0.168142
15 0.871354 0.911504 0.176042 0.176991
15 0.676562 0.921829 0.130208 0.147493
15 0.467187 0.924779 0.142708 0.135693
15 0.202083 0.906342 0.237500 0.163717
