15 0.080714 0.224138 0.152857 0.416446
15 0.225714 0.234748 0.165714 0.395225
15 0.385714 0.237401 0.148571 0.389920
15 0.516429 0.133952 0.090000 0.220159
15 0.603571 0.127321 0.087143 0.222812
15 0.694286 0.131300 0.091429 0.230769
15 0.521429 0.358090 0.091429 0.228117
15 0.605000 0.347480 0.081429 0.244032
15 0.692143 0.339523 0.084286 0.217507
15 0.515000 0.598143 0.090000 0.225464
15 0.605000 0.604775 0.084286 0.238727
15 0.695714 0.604775 0.091429 0.233422
15 0.867857 0.444297 0.235714 0.618037
15 0.516429 0.847480 0.087143 0.241379
15 0.605000 0.846154 0.084286 0.228117
15 0.693571 0.846154 0.090000 0.233422
15 0.379286 0.657825 0.135714 0.392573
15 0.237857 0.664456 0.147143 0.405836
15 0.090714 0.647215 0.152857 0.381963
